a:1
b:2
c:3
d:4
e:5
f:6
g:7
h:7
i:4
j:3
k:4
l:1.100000
m:0.990000
n:3.000000
o:1.000000
p:4.560000
q:99999.898438
r:3.000000
s:9.000000
t:-32.000000
u:-11.000000
100025.546875
